-5000 -5000 -10 0.575926
-3000 -5000 -10 0.0964588
-1000 -5000 -10 0.000279622
1000 -5000 -10 1.403e-08
3000 -5000 -10 1.21842e-14
5000 -5000 -10 1.83143e-22
-5000 -4795.92 -10 0.575566
-3000 -4795.92 -10 0.144398
-1000 -4795.92 -10 0.00062702
1000 -4795.92 -10 4.71255e-08
3000 -4795.92 -10 6.13036e-14
5000 -4795.92 -10 1.38029e-21
-5000 -4591.84 -10 0.551512
-3000 -4591.84 -10 0.207258
-1000 -4591.84 -10 0.0013481
1000 -4591.84 -10 1.5177e-07
3000 -4591.84 -10 2.95738e-13
5000 -4591.84 -10 9.9743e-21
-5000 -4387.76 -10 0.506694
-3000 -4387.76 -10 0.285228
-1000 -4387.76 -10 0.00277903
1000 -4387.76 -10 4.68651e-07
3000 -4387.76 -10 1.36792e-12
5000 -4387.76 -10 6.91075e-20
-5000 -4183.67 -10 0.446342
-3000 -4183.67 -10 0.376361
-1000 -4183.67 -10 0.00549283
1000 -4183.67 -10 1.38753e-06
3000 -4183.67 -10 6.06657e-12
5000 -4183.67 -10 4.59091e-19
-5000 -3979.59 -10 0.376982
-3000 -3979.59 -10 0.476154
-1000 -3979.59 -10 0.0104095
1000 -3979.59 -10 3.93882e-06
3000 -3979.59 -10 2.57963e-11
5000 -3979.59 -10 2.92418e-18
-5000 -3775.51 -10 0.305284
-3000 -3775.51 -10 0.577593
-1000 -3775.51 -10 0.0189145
1000 -3775.51 -10 1.07207e-05
3000 -3775.51 -10 1.05173e-10
5000 -3775.51 -10 1.78583e-17
-5000 -3571.43 -10 0.237039
-3000 -3571.43 -10 0.671781
-1000 -3571.43 -10 0.0329527
1000 -3571.43 -10 2.79774e-05
3000 -3571.43 -10 4.11131e-10
5000 -3571.43 -10 1.0457e-16
-5000 -3367.35 -10 0.176468
-3000 -3367.35 -10 0.749142
-1000 -3367.35 -10 0.0550449
1000 -3367.35 -10 7.00044e-05
3000 -3367.35 -10 1.54095e-09
5000 -3367.35 -10 5.87091e-16
-5000 -3163.27 -10 0.125963
-3000 -3163.27 -10 0.800998
-1000 -3163.27 -10 0.0881608
1000 -3163.27 -10 0.000167948
3000 -3163.27 -10 5.53767e-09
5000 -3163.27 -10 3.16035e-15
-5000 -2959.18 -10 0.0862086
-3000 -2959.18 -10 0.821164
-1000 -2959.18 -10 0.135383
1000 -2959.18 -10 0.000386325
3000 -2959.18 -10 1.90808e-08
5000 -2959.18 -10 1.63115e-14
-5000 -2755.1 -10 0.0565705
-3000 -2755.1 -10 0.80716
-1000 -2755.1 -10 0.199335
1000 -2755.1 -10 0.000852047
3000 -2755.1 -10 6.30373e-08
5000 -2755.1 -10 8.07209e-14
-5000 -2551.02 -10 0.0355926
-3000 -2551.02 -10 0.760712
-1000 -2551.02 -10 0.281407
1000 -2551.02 -10 0.00180179
3000 -2551.02 -10 1.99678e-07
5000 -2551.02 -10 3.83009e-13
-5000 -2346.94 -10 0.0214714
-3000 -2346.94 -10 0.687404
-1000 -2346.94 -10 0.380906
1000 -2346.94 -10 0.00365324
3000 -2346.94 -10 6.06447e-07
5000 -2346.94 -10 1.74246e-12
-5000 -2142.86 -10 0.0124192
-3000 -2142.86 -10 0.595573
-1000 -2142.86 -10 0.494346
1000 -2142.86 -10 0.00710201
3000 -2142.86 -10 1.76598e-06
5000 -2142.86 -10 7.60058e-12
-5000 -1938.78 -10 0.00688743
-3000 -1938.78 -10 0.494753
-1000 -1938.78 -10 0.615142
1000 -1938.78 -10 0.0132378
3000 -1938.78 -10 4.93074e-06
5000 -1938.78 -10 3.17879e-11
-5000 -1734.69 -10 0.00366228
-3000 -1734.69 -10 0.39407
-1000 -1734.69 -10 0.733923
1000 -1734.69 -10 0.0236582
3000 -1734.69 -10 1.31998e-05
5000 -1734.69 -10 1.2747e-10
-5000 -1530.61 -10 0.00186714
-3000 -1530.61 -10 0.300947
-1000 -1530.61 -10 0.83957
1000 -1530.61 -10 0.0405395
3000 -1530.61 -10 3.38809e-05
5000 -1530.61 -10 4.90102e-10
-5000 -1326.53 -10 0.000912712
-3000 -1326.53 -10 0.220362
-1000 -1326.53 -10 0.920861
1000 -1326.53 -10 0.0666049
3000 -1326.53 -10 8.33822e-05
5000 -1326.53 -10 1.80674e-09
-5000 -1122.45 -10 0.000427781
-3000 -1122.45 -10 0.154709
-1000 -1122.45 -10 0.968418
1000 -1122.45 -10 0.104922
3000 -1122.45 -10 0.000196754
5000 -1122.45 -10 6.38608e-09
-5000 -918.367 -10 0.000192238
-3000 -918.367 -10 0.104141
-1000 -918.367 -10 0.976477
1000 -918.367 -10 0.158473
3000 -918.367 -10 0.000445147
5000 -918.367 -10 2.16424e-08
-5000 -714.286 -10 8.28304e-05
-3000 -714.286 -10 0.0672146
-1000 -714.286 -10 0.944045
1000 -714.286 -10 0.229497
3000 -714.286 -10 0.000965638
5000 -714.286 -10 7.03246e-08
-5000 -510.204 -10 3.42193e-05
-3000 -510.204 -10 0.0415944
-1000 -510.204 -10 0.875093
1000 -510.204 -10 0.318661
3000 -510.204 -10 0.00200843
5000 -510.204 -10 2.19099e-07
-5000 -306.122 -10 1.35545e-05
-3000 -306.122 -10 0.0246796
-1000 -306.122 -10 0.777763
1000 -306.122 -10 0.42424
3000 -306.122 -10 0.00400526
5000 -306.122 -10 6.54492e-07
-5000 -102.041 -10 5.14784e-06
-3000 -102.041 -10 0.0140401
-1000 -102.041 -10 0.662782
1000 -102.041 -10 0.541534
3000 -102.041 -10 0.00765835
5000 -102.041 -10 1.87456e-06
-5000 102.041 -10 1.87456e-06
-3000 102.041 -10 0.00765835
-1000 102.041 -10 0.541534
1000 102.041 -10 0.662782
3000 102.041 -10 0.0140401
5000 102.041 -10 5.14784e-06
-5000 306.122 -10 6.54492e-07
-3000 306.122 -10 0.00400526
-1000 306.122 -10 0.42424
1000 306.122 -10 0.777763
3000 306.122 -10 0.0246796
5000 306.122 -10 1.35545e-05
-5000 510.204 -10 2.19099e-07
-3000 510.204 -10 0.00200843
-1000 510.204 -10 0.318661
1000 510.204 -10 0.875093
3000 510.204 -10 0.0415944
5000 510.204 -10 3.42193e-05
-5000 714.286 -10 7.03246e-08
-3000 714.286 -10 0.000965638
-1000 714.286 -10 0.229497
1000 714.286 -10 0.944045
3000 714.286 -10 0.0672146
5000 714.286 -10 8.28304e-05
-5000 918.367 -10 2.16424e-08
-3000 918.367 -10 0.000445147
-1000 918.367 -10 0.158473
1000 918.367 -10 0.976477
3000 918.367 -10 0.104141
5000 918.367 -10 0.000192238
-5000 1122.45 -10 6.38608e-09
-3000 1122.45 -10 0.000196754
-1000 1122.45 -10 0.104922
1000 1122.45 -10 0.968418
3000 1122.45 -10 0.154709
5000 1122.45 -10 0.000427781
-5000 1326.53 -10 1.80674e-09
-3000 1326.53 -10 8.33822e-05
-1000 1326.53 -10 0.0666049
1000 1326.53 -10 0.920861
3000 1326.53 -10 0.220362
5000 1326.53 -10 0.000912712
-5000 1530.61 -10 4.90102e-10
-3000 1530.61 -10 3.38809e-05
-1000 1530.61 -10 0.0405395
1000 1530.61 -10 0.83957
3000 1530.61 -10 0.300947
5000 1530.61 -10 0.00186714
-5000 1734.69 -10 1.2747e-10
-3000 1734.69 -10 1.31998e-05
-1000 1734.69 -10 0.0236582
1000 1734.69 -10 0.733923
3000 1734.69 -10 0.39407
5000 1734.69 -10 0.00366228
-5000 1938.78 -10 3.17879e-11
-3000 1938.78 -10 4.93074e-06
-1000 1938.78 -10 0.0132378
1000 1938.78 -10 0.615142
3000 1938.78 -10 0.494753
5000 1938.78 -10 0.00688743
-5000 2142.86 -10 7.60058e-12
-3000 2142.86 -10 1.76598e-06
-1000 2142.86 -10 0.00710201
1000 2142.86 -10 0.494346
3000 2142.86 -10 0.595573
5000 2142.86 -10 0.0124192
-5000 2346.94 -10 1.74246e-12
-3000 2346.94 -10 6.06447e-07
-1000 2346.94 -10 0.00365324
1000 2346.94 -10 0.380906
3000 2346.94 -10 0.687404
5000 2346.94 -10 0.0214714
-5000 2551.02 -10 3.83009e-13
-3000 2551.02 -10 1.99678e-07
-1000 2551.02 -10 0.00180179
1000 2551.02 -10 0.281407
3000 2551.02 -10 0.760712
5000 2551.02 -10 0.0355926
-5000 2755.1 -10 8.07209e-14
-3000 2755.1 -10 6.30373e-08
-1000 2755.1 -10 0.000852047
1000 2755.1 -10 0.199335
3000 2755.1 -10 0.80716
5000 2755.1 -10 0.0565705
-5000 2959.18 -10 1.63115e-14
-3000 2959.18 -10 1.90808e-08
-1000 2959.18 -10 0.000386325
1000 2959.18 -10 0.135383
3000 2959.18 -10 0.821164
5000 2959.18 -10 0.0862086
-5000 3163.27 -10 3.16035e-15
-3000 3163.27 -10 5.53767e-09
-1000 3163.27 -10 0.000167948
1000 3163.27 -10 0.0881608
3000 3163.27 -10 0.800998
5000 3163.27 -10 0.125963
-5000 3367.35 -10 5.87091e-16
-3000 3367.35 -10 1.54095e-09
-1000 3367.35 -10 7.00044e-05
1000 3367.35 -10 0.0550449
3000 3367.35 -10 0.749142
5000 3367.35 -10 0.176468
-5000 3571.43 -10 1.0457e-16
-3000 3571.43 -10 4.11131e-10
-1000 3571.43 -10 2.79774e-05
1000 3571.43 -10 0.0329527
3000 3571.43 -10 0.671781
5000 3571.43 -10 0.237039
-5000 3775.51 -10 1.78583e-17
-3000 3775.51 -10 1.05173e-10
-1000 3775.51 -10 1.07207e-05
1000 3775.51 -10 0.0189145
3000 3775.51 -10 0.577593
5000 3775.51 -10 0.305284
-5000 3979.59 -10 2.92418e-18
-3000 3979.59 -10 2.57963e-11
-1000 3979.59 -10 3.93882e-06
1000 3979.59 -10 0.0104095
3000 3979.59 -10 0.476154
5000 3979.59 -10 0.376982
-5000 4183.67 -10 4.59091e-19
-3000 4183.67 -10 6.06657e-12
-1000 4183.67 -10 1.38753e-06
1000 4183.67 -10 0.00549283
3000 4183.67 -10 0.376361
5000 4183.67 -10 0.446342
-5000 4387.76 -10 6.91075e-20
-3000 4387.76 -10 1.36792e-12
-1000 4387.76 -10 4.68651e-07
1000 4387.76 -10 0.00277903
3000 4387.76 -10 0.285228
5000 4387.76 -10 0.506694
-5000 4591.84 -10 9.9743e-21
-3000 4591.84 -10 2.95738e-13
-1000 4591.84 -10 1.5177e-07
1000 4591.84 -10 0.0013481
3000 4591.84 -10 0.207258
5000 4591.84 -10 0.551512
-5000 4795.92 -10 1.38029e-21
-3000 4795.92 -10 6.13036e-14
-1000 4795.92 -10 4.71255e-08
1000 4795.92 -10 0.00062702
3000 4795.92 -10 0.144398
5000 4795.92 -10 0.575566
-5000 5000 -10 1.83143e-22
-3000 5000 -10 1.21842e-14
-1000 5000 -10 1.403e-08
1000 5000 -10 0.000279622
3000 5000 -10 0.0964588
5000 5000 -10 0.575926
