3928.6 3281.57 -10 0.605789
-1680.2 -2236.5 -10 0.78877
3212.29 -3743.42 -10 3.04871e-11
-4583.03 627.811 -10 1.1245e-06
-3923.43 -2326.61 -10 0.222658
950.521 2750.35 -10 0.184511
298.174 -3205.94 -10 0.00206659
-811.926 2832.57 -10 0.00127738
-1645.92 1079.96 -10 0.024175
1225.19 -4582.51 -10 4.466e-08
-618.586 612.751 -10 0.468187
2358.82 1681.38 -10 0.72426
180.364 4383.93 -10 0.000131146
788.586 2860.06 -10 0.109334
1453.55 2504.3 -10 0.530073
4902.24 -29.4902 -10 4.41949e-06
3198.58 -4572.67 -10 7.45843e-14
-867.991 3168.67 -10 0.000281505
3762.68 -4863.76 -10 6.69149e-17
3237.59 500.412 -10 0.021544
-4455.25 667.968 -10 1.78421e-06
2186.37 -3870.82 -10 1.05319e-08
3021.71 -4372.24 -10 1.30708e-12
2364.07 747.242 -10 0.254861
2091.32 -145.147 -10 0.079748
409.369 -1985.78 -10 0.0560709
-3751.76 -4602.04 -10 0.477317
4576.47 1338.94 -10 0.0042572
-967.437 -3756.64 -10 0.0182542
-2830.49 -4883.94 -10 0.0887005
2172.76 -2233.33 -10 6.02733e-05
4942.07 -1984.54 -10 3.47325e-11
-2443.86 -3196.82 -10 0.63449
1713.09 -4330.22 -10 1.12697e-08
990.059 2792.34 -10 0.18311
2173.32 -992.515 -10 0.0065518
4373.5 -2541.85 -10 3.90023e-11
-1481.9 237.722 -10 0.225183
-2463.66 -2450.14 -10 0.875124
-975.275 3519.08 -10 3.9708e-05
2465.11 -164.964 -10 0.0302676
2240.71 1231.5 -10 0.559939
-938.922 4730.73 -10 9.72322e-08
4893.8 -1452.52 -10 1.6105e-09
-495.007 -2753.54 -10 0.0739944
-1261.92 4787.14 -10 1.06154e-08
2096.29 870.744 -10 0.447493
-4175.41 4816.81 -10 2.65988e-18
-1016.27 4686.66 -10 8.08062e-08
2708.81 2051.04 -10 0.708356
2647.51 -4806.14 -10 8.30891e-13
-2161.41 1128.3 -10 0.00440019
-3104.58 -2504.41 -10 0.699516
-287.49 -3705.64 -10 0.00268042
-1651.94 -1337.39 -10 0.905015
2347.35 -2999.06 -10 6.12563e-07
-3108.93 2664.81 -10 5.64981e-08
-1688.96 4341.81 -10 1.21469e-08
3442.28 -4735.98 -10 2.89764e-15
1150.24 -2439.36 -10 0.00157472
3852.64 -2338.02 -10 4.56728e-09
4765.53 -3576.72 -10 7.32042e-16
3369.09 4514.99 -10 0.37126
-3191.75 -2523.88 -10 0.665333
1184.11 -1438.14 -10 0.0320228
-238.911 -4510.61 -10 9.74073e-05
-958.433 -2618.69 -10 0.235955
2418.84 3828.25 -10 0.301054
3259.33 4644.33 -10 0.274323
1832.3 1560.28 -10 0.903482
-3607.28 -2031.39 -10 0.239873
2028.25 -4406.64 -10 9.82703e-10
-4411.63 3644.36 -10 7.73706e-15
-3073.35 -3448.59 -10 0.738861
4247.94 -2304.52 -10 4.49178e-10
-948.975 482.047 -10 0.358127
-3517.08 -2477.23 -10 0.474292
1822.87 3446.78 -10 0.231247
-3365.11 22.1488 -10 0.0029792
1482.25 -153.106 -10 0.259089
-2483.86 4052.59 -10 5.14597e-10
-4586.24 4152.68 -10 2.49679e-17
4587.23 -2583.72 -10 6.39883e-12
-4337.8 -4812.33 -10 0.56542
129.402 1702.9 -10 0.285143
-1587.03 -2294.37 -10 0.718419
1600.1 -4856.94 -10 8.3384e-10
3444.27 -4028.7 -10 7.27681e-13
1038.67 -811.623 -10 0.180094
872.137 -3794.52 -10 1.78571e-05
-3829.67 -2929.11 -10 0.514642
2104.5 2450.55 -10 0.841313
-2954.77 -443.12 -10 0.0395576
-96.3221 -3864.9 -10 0.000761988
-4633.91 -2846.76 -10 0.146427
-1845.96 4302.43 -10 5.95747e-09
3630.3 -4921.05 -10 1.27492e-16
584.666 1418.72 -10 0.691704
467.078 1446.63 -10 0.607429
-1321.75 1802.51 -10 0.00755691
